header 18 15 4 4 3 8
class 0 25088
class 1 28415
class 2 27391
class 3 30590
class 4 32239
class 5 660
class 6 28468
class 7 9216
rune 0 0 -1 -1 1
rune 1 0 -1 -1 2
rune 2 0 -1 -1 2
rune 3 0 -1 -1 1
rune 4 0 -1 -1 2
rune 5 0 -1 -1 2
rune 6 0 -1 -1 1
rune 7 0 -1 -1 1
rune 8 0 -1 -1 2
rune 9 0 -1 -1 2
rune 10 0 -1 -1 1
rune 11 0 -1 -1 2
rune 12 0 -1 -1 1
rune 13 0 -1 -1 4
rune 14 0 -1 -1 1
rune 15 1 2 9 2
rune 16 1 5 7 1
rune 17 1 1 4 2
order 0 0
order 1 0 1
order 2 1 0
order 3 0
order 4 1 0
order 5 0 1
order 6 0
order 7 0
order 8 1 0
order 9 0 1
order 10 0
order 11 0 1
order 12 0
order 13 2 1 3 0
order 14 0
order 15 1 0
order 16 0
order 17 0 1
strokes 0 5
strokes 1 2
strokes 2 3
strokes 3 1
strokes 4 3
strokes 5 2
strokes 6 4
strokes 7 5
strokes 8 3
strokes 9 5
strokes 10 6
strokes 11 1
strokes 12 1
strokes 13 4
strokes 14 1
strokes 15 1
strokes 16 4
strokes 17 2
cond 0 2564 0 0 -2 -1 -1 0 -1
cond 1 17090 1 0 0 -2 -1 -1 0 -1
cond 2 30738 0 0 -2 -1 -1 0 -1
cond 3 15746 0 0 -2 -1 -1 0 -1
cond 4 29698 1 1 0 -2 -1 -1 0 -1
cond 5 8197 0 0 -2 -1 -1 0 -1
cond 6 4164 0 0 -2 -1 -1 0 -1
cond 7 11440 0 0 -2 -1 -1 0 -1
cond 8 2936 0 0 -2 -1 -1 0 -1
cond 9 8210 0 0 -2 -1 -1 0 -1
cond 10 233 0 0 -2 -1 -1 0 -1
cond 11 1033 1 1 0 -2 -1 -1 0 -1
cond 12 24754 0 0 3 -1 -1 0 -1
cond 13 52 0 0 0 -1 -1 0 -1
cond 14 20616 0 0 2 -1 -1 0 -1
cond 15 6754 0 0 -2 -1 -1 0 -1
cond 16 387 0 0 -2 -1 -1 0 -1
cond 17 8585 0 0 -2 -1 -1 0 -1
cond 18 13490 0 0 -2 -1 -1 0 -1
cond 19 8449 0 0 -2 -1 -1 0 -1
cond 20 128 0 0 -2 -1 -1 0 -1
cond 21 20848 0 0 -2 -1 -1 1 20 -1
cond 22 24628 0 0 -2 -1 -1 0 -1
cond 23 32 0 0 -2 -1 -1 0 -1
cond 24 15644 0 0 -2 -1 -1 1 23 -1
cond 25 1616 1 0 0 -2 -1 -1 0 -1
cond 26 256 0 0 -2 -1 -1 0 -1
cond 27 3367 0 0 -2 -1 -1 1 26 -1
cond 28 10586 1 5 0 -2 -1 -1 0 -1
cond 29 8972 1 7 0 -2 -1 -1 0 -1
cond 30 21109 1 5 0 3 -1 -1 0 -1
cond 31 20869 0 0 -2 -1 -1 0 -1
cond 32 14601 1 1 0 -2 -1 -1 0 -1
cond 33 15380 1 3 8 -2 -1 -1 0 -1
cond 34 20548 0 0 -2 -1 -1 0 -1
cond 35 22004 0 0 -2 -1 -1 0 -1
cond 36 8 0 0 -2 -1 -1 0 -1
cond 37 18397 1 0 0 -2 -1 -1 1 36 -1
cond 38 16384 0 0 -2 -1 -1 0 -1
cond 39 4439 0 0 -2 -1 -1 1 38 -1
cond 40 3848 0 0 -2 -1 -1 0 -1
cond 41 27096 0 0 -2 -1 -1 0 -1
cond 42 16384 0 0 -2 -1 -1 0 -1
cond 43 1608 0 0 -2 -1 -1 1 42 -1
cond 44 11793 0 0 -2 -1 -1 0 -1
cond 45 31958 0 0 -2 -1 -1 0 -1
cond 46 28516 0 0 -1 -1 -1 0 -1
cond 47 26392 0 0 -2 -1 -1 0 -1
cond 48 18728 0 0 -1 -1 -1 0 -1
cond 49 1024 0 0 -2 -1 -1 0 -1
cond 50 6349 0 0 -2 -1 -1 1 49 -1
cond 51 2797 1 7 0 2 -1 -1 0 -1
cond 52 24843 0 0 -2 -1 -1 0 -1
cond 53 16384 0 0 -2 -1 -1 0 -1
cond 54 15184 0 0 -2 -1 -1 1 53 -1
cond 55 28642 0 0 1 1 -1 0 -1
cond 56 8192 0 0 -2 -1 -1 0 -1
cond 57 27463 0 0 -2 -1 -1 1 56 -1
cond 58 20616 1 7 0 -2 -1 -1 0 -1
cond 59 16384 0 0 -2 -1 -1 0 -1
cond 60 175 0 0 -2 -1 -1 1 59 -1
cond 61 9875 1 1 0 -2 -1 -1 0 -1
cond 62 2573 0 0 -2 -1 -1 0 -1
cond 63 9333 0 0 -2 -1 -1 0 -1
cond 64 3017 0 0 -2 -1 -1 0 -1
cond 65 4096 0 0 -2 -1 -1 0 -1
cond 66 8530 1 5 0 -2 -1 -1 1 65 -1
cond 67 16978 0 0 1 -1 -1 0 -1
cond 68 13960 0 0 -2 -1 -1 0 -1
cond 69 256 0 0 -2 -1 -1 0 -1
cond 70 6958 0 0 -2 -1 -1 1 69 -1
cond 71 17572 0 0 -2 -1 -1 0 -1
cond 72 1 0 0 -2 -1 -1 0 -1
cond 73 8602 0 0 -2 -1 -1 1 72 -1
cond 74 8739 0 0 -2 -1 -1 0 -1
cond 75 4 0 0 -2 -1 -1 0 -1
cond 76 6184 0 0 -2 -1 -1 1 75 -1
cond 77 755 1 6 0 -2 -1 -1 0 -1
cond 78 4 0 0 -2 -1 -1 0 -1
cond 79 13652 0 0 -2 -1 -1 1 78 -1
cond 80 7134 1 0 0 1 0 -1 0 -1
cond 81 2126 0 0 -2 -1 -1 0 -1
cond 82 16384 0 0 -2 -1 -1 0 -1
cond 83 28170 1 1 0 -2 -1 -1 1 82 -1
cond 84 19352 0 0 -2 -1 -1 0 -1
cond 85 11605 0 0 -2 -1 -1 0 -1
cond 86 19384 1 6 0 -2 -1 -1 0 -1
cond 87 13607 0 0 -2 -1 -1 0 -1
cond 88 29192 0 0 -2 -1 -1 0 -1
cond 89 4488 0 0 0 2 -1 0 -1
cond 90 16697 1 2 0 -2 -1 -1 0 -1
cond 91 15376 0 0 -2 -1 -1 0 -1
cond 92 1632 0 0 -2 -1 -1 0 -1
cond 93 11322 1 7 0 -2 -1 -1 0 -1
cond 94 3795 0 0 -2 -1 -1 0 -1
cond 95 20484 0 0 2 -1 -1 0 -1
cond 96 26857 0 0 -2 -1 -1 0 -1
cond 97 16384 0 0 -2 -1 -1 0 -1
cond 98 3615 0 0 -2 -1 -1 1 97 -1
cond 99 8616 1 3 0 0 -1 -1 0 -1
cond 100 15224 0 0 -2 -1 -1 0 -1
cond 101 64 0 0 -2 -1 -1 0 -1
cond 102 27784 0 0 -2 -1 -1 1 101 -1
cond 103 2992 1 7 0 -2 -1 -1 0 -1
cond 104 394 1 6 0 -2 -1 -1 0 -1
cond 105 18027 0 0 -2 -1 -1 0 -1
cond 106 16867 0 0 -2 -1 -1 0 -1
cond 107 18316 1 3 0 -2 -1 -1 0 -1
cond 108 8537 0 0 -2 -1 -1 0 -1
cond 109 6818 1 3 0 0 -1 -1 0 -1
cond 110 4096 0 0 -2 -1 -1 0 -1
cond 111 1943 0 0 -2 -1 -1 1 110 -1
cond 112 25092 0 0 -2 -1 -1 0 -1
cond 113 128 0 0 -2 -1 -1 0 -1
cond 114 20055 0 0 -2 -1 -1 1 113 -1
cond 115 24707 0 0 -2 -1 -1 0 -1
cond 116 27193 0 0 -2 -1 -1 0 -1
cond 117 9258 0 0 -2 -1 -1 0 116
cond 118 1472 0 0 -2 -1 -1 0 -1
cond 119 26138 0 0 -2 -1 -1 0 -1
cond 120 1888 0 0 -2 -1 -1 0 119
cond 121 29608 0 0 -2 -1 -1 0 -1
cond 122 32139 0 0 -2 -1 -1 0 -1
cond 123 23270 0 0 -2 -1 -1 0 -1
cond 124 26643 1 0 8 2 -1 -1 0 -1
cond 125 2188 0 0 -2 -1 -1 0 -1
cond 126 371 1 0 0 -2 -1 -1 0 125
cond 127 22086 0 8 -1 -1 -1 0 -1
cond 128 19209 1 5 0 -2 -1 -1 0 -1
cond 129 26822 0 0 -2 -1 -1 0 128
cond 130 1305 0 0 1 -1 -1 0 -1
cond 131 16384 0 0 -2 -1 -1 0 -1
cond 132 21888 0 0 -2 -1 -1 1 131 -1
cond 133 8388 0 0 -2 -1 -1 0 132
cond 134 20514 0 0 -2 -1 -1 0 -1
cond 135 16 0 0 -2 -1 -1 0 -1
cond 136 25133 0 0 -2 -1 -1 1 135 -1
cond 137 17492 0 0 -2 -1 -1 0 136
cond 138 32 0 0 -2 -1 -1 0 -1
cond 139 5780 1 7 0 -2 -1 -1 1 138 -1
cond 140 11531 0 0 -2 -1 -1 0 139
cond 141 4646 0 0 -2 -1 -1 0 -1
cond 142 2 0 0 -2 -1 -1 0 -1
cond 143 8628 0 0 -2 -1 -1 1 142 -1
cond 144 13064 0 0 -2 -1 -1 0 143
cond 145 11523 0 0 -2 -1 -1 0 -1
cond 146 9533 0 0 -1 -1 -1 0 -1
cond 147 10361 1 2 0 -2 -1 -1 0 -1
cond 148 128 0 0 -2 -1 -1 0 -1
cond 149 14440 0 0 -2 -1 -1 1 148 -1
cond 150 8921 0 0 -2 -1 -1 0 149
cond 151 19841 1 4 0 0 1 -1 0 -1
cond 152 26859 0 0 -2 -1 -1 0 -1
cond 153 1186 0 1 1 -1 -1 0 -1
cond 154 2499 0 0 -2 -1 -1 0 -1
cond 155 24800 1 3 0 -2 -1 -1 0 154
cond 156 26666 0 0 2 2 -1 0 -1
cond 157 16384 0 0 -2 -1 -1 0 -1
cond 158 5699 0 0 -2 -1 -1 1 157 -1
cond 159 17249 0 0 -2 -1 -1 0 158
cond 160 2133 1 4 0 -2 -1 -1 0 -1
cond 161 22864 0 0 -2 -1 -1 0 -1
cond 162 10034 0 0 -2 -1 -1 0 161
cond 163 819 0 0 -2 -1 -1 0 162
cond 164 4986 0 0 -2 -1 -1 0 -1
cond 165 29020 1 2 0 -2 -1 -1 0 164
cond 166 26780 0 0 -2 -1 -1 0 165
cond 167 2425 0 0 -2 -1 -1 0 -1
cond 168 9417 0 0 2 -1 -1 0 -1
cond 169 64 0 0 -2 -1 -1 0 -1
cond 170 31232 1 4 0 -2 -1 -1 1 169 -1
cond 171 1389 0 0 -2 -1 -1 0 -1
cond 172 9506 0 0 -1 -1 -1 0 -1
cond 173 32 0 0 -2 -1 -1 0 -1
cond 174 29273 0 0 -2 -1 -1 1 173 -1
cond 175 10281 0 0 -2 -1 -1 0 -1
cond 176 27403 0 0 -2 1 -1 0 -1
cond 177 16922 0 0 -2 -1 -1 0 -1
cond 178 3206 0 8 -2 -1 -1 0 -1
cond 179 27395 0 0 -2 -1 -1 0 -1
cond 180 6328 1 3 0 -2 -1 -1 0 179
cond 181 2196 0 0 -2 -1 -1 0 180
cond 182 1100 1 6 0 -1 -1 -1 0 -1
cond 183 8897 0 0 -2 -1 -1 0 -1
cond 184 2603 0 0 -2 -1 -1 0 -1
cond 185 10118 0 0 3 -1 -1 0 -1
cond 186 6692 1 1 0 -2 -1 -1 0 -1
cond 187 4016 0 0 -2 -1 -1 0 -1
cond 188 64 0 0 -2 -1 -1 0 -1
cond 189 12182 0 0 -2 -1 -1 1 188 -1
cond 190 29120 0 0 -2 -1 -1 0 -1
cond 191 4313 0 0 -2 -1 -1 0 -1
cond 192 18444 0 8 -2 1 -1 0 -1
cond 193 21346 1 0 0 -2 -1 -1 0 -1
cond 194 1954 1 3 0 -2 -1 -1 0 193
cond 195 4386 0 0 -2 -1 -1 0 194
cond 196 2510 0 0 -1 -1 -1 0 -1
cond 197 26891 0 0 -2 -1 -1 0 -1
cond 198 13637 0 0 -2 -1 -1 0 -1
cond 199 5222 0 0 -1 -1 -1 0 -1
cond 200 20333 0 0 -2 -1 -1 0 -1
cond 201 417 1 4 0 -2 -1 -1 0 -1
cond 202 5923 0 0 -2 -1 -1 0 201
cond 203 1553 0 0 -2 -1 -1 0 202
cond 204 325 0 0 -2 -1 -1 0 203
cond 205 1584 0 0 -2 -1 -1 0 -1
cond 206 128 0 0 -2 -1 -1 0 -1
cond 207 16473 1 2 0 -2 -1 -1 1 206 -1
cond 208 2577 0 0 -2 -1 -1 0 -1
cond 209 9365 0 0 -2 -1 -1 0 -1
cond 210 863 0 0 -2 -1 -1 0 209
cond 211 29930 0 0 -2 -1 -1 0 210
cond 212 3386 0 0 -2 -1 -1 0 211
cond 213 18984 0 0 -2 -1 -1 0 -1
cond 214 1189 1 2 0 -2 -1 -1 0 -1
cond 215 13315 0 0 -2 -1 -1 0 214
cond 216 18859 1 7 0 -2 -1 -1 0 215
cond 217 25642 0 0 -2 -1 -1 0 216
cond 218 24974 1 5 0 -2 -1 -1 0 -1
cond 219 128 0 0 -2 -1 -1 0 -1
cond 220 27726 0 0 -2 -1 -1 1 219 -1
cond 221 18540 0 0 -2 -1 -1 0 -1
cond 222 25608 0 0 1 -1 -1 0 -1
cond 223 775 0 0 -2 -1 -1 0 -1
cond 224 29840 0 0 -2 -1 -1 0 -1
cond 225 4096 0 0 -2 -1 -1 0 -1
cond 226 21170 1 0 0 -2 -1 -1 1 225 -1
cond 227 8 0 0 -2 -1 -1 0 -1
cond 228 6667 1 1 0 -2 -1 -1 1 227 -1
cond 229 8 0 0 -2 -1 -1 0 -1
cond 230 21012 0 0 -2 -1 -1 1 229 -1
when 0 -1 21 -1 -1 -1 1
when 1 -1 22 -1 -1 -1 -1
when 2 -1 24 -1 -1 -1 -1
when 3 -1 25 -1 -1 -1 -1
when 4 -1 27 -1 0 -1 -1
when 5 28 29 -1 -1 -1 -1
when 6 30 31 -1 -1 -1 0
when 7 -1 32 0 -1 -1 -1
when 8 33 34 -1 -1 -1 -1
when 9 35 37 -1 -1 -1 3
when 10 -1 39 0 -1 -1 0
when 11 -1 -1 -1 -1 -1 -1
when 12 40 -1 -1 -1 -1 -1
when 13 41 43 -1 -1 -1 -1
when 14 44 45 -1 0 -1 -1
when 15 46 -1 -1 1 -1 3
when 16 -1 47 -1 -1 -1 -1
when 17 -1 -1 -1 -1 -1 -1
when 18 48 50 -1 -1 -1 -1
when 19 51 52 -1 -1 -1 2
when 20 -1 54 -1 -1 -1 -1
when 21 55 57 -1 -1 3 -1
when 22 58 60 -1 -1 -1 -1
when 23 -1 61 -1 -1 -1 1
when 24 62 -1 0 -1 -1 -1
when 25 63 64 -1 -1 -1 -1
when 26 -1 66 -1 -1 -1 2
when 27 67 68 -1 -1 -1 -1
when 28 -1 70 -1 -1 -1 -1
when 29 71 73 -1 -1 -1 -1
when 30 74 76 -1 1 0 3
when 31 77 79 -1 -1 -1 -1
when 32 80 81 -1 -1 -1 -1
when 33 -1 -1 -1 1 -1 -1
when 34 -1 83 -1 -1 -1 -1
when 35 84 85 -1 -1 1 -1
when 36 -1 -1 -1 1 -1 1
when 37 86 87 -1 -1 -1 -1
when 38 88 -1 -1 0 -1 -1
when 39 89 -1 -1 -1 0 -1
when 40 90 91 -1 -1 -1 -1
when 41 92 93 -1 -1 -1 -1
when 42 -1 94 -1 1 -1 -1
when 43 95 -1 -1 -1 -1 3
when 44 96 98 1 -1 -1 -1
when 45 99 -1 -1 -1 -1 3
when 46 100 102 -1 1 -1 0
when 47 -1 -1 -1 -1 -1 -1
when 48 -1 -1 -1 -1 -1 2
when 49 -1 103 -1 -1 0 -1
when 50 104 -1 -1 -1 -1 -1
when 51 -1 105 -1 -1 -1 -1
when 52 106 107 -1 -1 -1 1
when 53 -1 108 0 -1 -1 -1
when 54 109 111 -1 0 -1 -1
when 55 112 114 -1 -1 -1 -1
when 56 115 117 -1 -1 -1 3
when 57 118 120 -1 -1 -1 -1
when 58 -1 121 -1 -1 -1 -1
when 59 -1 122 -1 -1 -1 -1
when 60 -1 123 -1 1 -1 -1
when 61 124 126 -1 -1 -1 -1
when 62 127 129 -1 -1 -1 -1
when 63 130 133 -1 -1 -1 -1
when 64 134 137 0 -1 -1 3
when 65 -1 140 -1 1 -1 -1
when 66 141 144 -1 -1 -1 -1
when 67 -1 145 -1 0 -1 2
when 68 146 147 -1 -1 -1 -1
when 69 -1 150 -1 -1 3 -1
when 70 151 152 -1 0 2 -1
when 71 153 -1 -1 -1 -1 -1
when 72 -1 155 -1 -1 -1 -1
when 73 156 159 -1 -1 -1 -1
when 74 160 163 -1 -1 -1 -1
when 75 -1 166 -1 0 0 -1
when 76 -1 167 -1 -1 -1 -1
when 77 -1 -1 -1 -1 -1 -1
when 78 168 170 -1 0 -1 -1
when 79 -1 171 -1 -1 -1 -1
when 80 172 174 -1 1 -1 2
when 81 -1 175 0 -1 -1 -1
when 82 176 177 -1 -1 -1 1
when 83 178 181 -1 -1 -1 -1
when 84 182 183 -1 -1 -1 -1
when 85 -1 184 -1 -1 -1 -1
when 86 185 -1 -1 -1 -1 -1
when 87 -1 186 -1 -1 -1 -1
when 88 -1 -1 -1 -1 -1 2
when 89 -1 -1 1 -1 -1 -1
when 90 -1 -1 -1 -1 -1 -1
when 91 -1 -1 -1 -1 -1 0
when 92 187 189 -1 0 -1 -1
when 93 190 191 -1 -1 -1 -1
when 94 -1 -1 -1 -1 -1 -1
when 95 192 195 0 -1 -1 -1
when 96 196 197 -1 0 -1 -1
when 97 -1 198 -1 -1 -1 -1
when 98 199 -1 -1 -1 -1 -1
when 99 200 204 -1 -1 -1 -1
when 100 205 207 -1 -1 2 -1
when 101 -1 208 -1 -1 -1 -1
when 102 -1 212 0 -1 -1 -1
when 103 213 217 -1 -1 -1 -1
when 104 218 -1 1 -1 2 3
when 105 -1 220 0 -1 -1 -1
when 106 -1 -1 -1 0 -1 -1
when 107 -1 221 -1 0 -1 -1
when 108 222 223 0 -1 -1 -1
when 109 224 226 -1 -1 3 -1
when 110 -1 228 0 -1 -1 -1
when 111 -1 230 -1 -1 2 2
stance 0 0 0 0 1 3 1 1 0 1 3 0 0 0 0 0
stance 1 0 0 0 1 3 1 0 1 1 0 0 0 0 0
stance 1 1 0 0 1 3 1 0 1 0 0 0 0 0 0
stance 2 0 0 0 1 2 1 0 1 2 0 0 0 0 0
stance 2 1 0 0 1 2 1 1 1 1 3 0 0 0 0 0
stance 3 0 0 0 1 1 1 0 1 1 0 0 0 0 0
stance 4 0 0 0 1 3 1 1 2 1 2 1 3 1 -1 1 0 0 0
stance 4 1 0 0 1 3 1 0 1 2 0 0 0 0 0
stance 5 0 0 0 1 0 1 1 4 1 3 0 1 2 1 1 7 -1 -1 0 2 3 -1 -1 1 2 3 -1 3 3 0 0
stance 5 1 0 0 1 1 1 0 1 1 0 0 0 0 0
stance 6 0 0 0 1 2 1 1 5 1 1 0 0 0 0 1 1 1 -1 0 -1 -1 -1
stance 7 0 0 0 2 0 1 1 6 1 1 0 1 0 0 0 0 0 0
stance 8 0 0 0 1 3 1 0 1 0 0 0 0 0 0
stance 8 1 0 0 2 0 1 0 3 1 0 1 3 1 7 0 1 7 -1 -1 -1 1 2 2 -1 1 3 0 3 3 3 2 1 0 0 -1 0 -1 -1 -1
stance 9 0 0 0 1 1 1 0 1 2 1 8 0 0 0 0
stance 9 1 0 0 1 2 1 1 9 1 1 0 1 2 3 0 0 0
stance 10 0 0 0 1 3 1 1 10 1 1 0 0 0 0 0
stance 11 0 0 0 2 0 1 1 11 3 1 1 12 1 3 0 0 0 0 0
stance 11 1 0 0 2 0 1 1 13 2 1 1 14 1 0 1 15 0 0 0 0
stance 12 0 0 0 1 3 1 0 1 2 0 0 0 0 0
stance 13 0 0 0 1 2 1 0 1 1 0 0 0 0 0
stance 13 1 1 0 1 2 1 0 0 1 2 1 1 7 -1 -1 1 -1 3 2 1 3 3 0 -1 3 0 -1 0
stance 13 2 0 0 1 1 1 1 16 2 0 0 3 0 0 0 0 0
stance 13 3 0 0 1 3 1 0 1 3 0 0 0 0 0
stance 14 0 0 0 1 0 1 0 1 3 0 0 0 0 0
stance 15 0 0 0 1 0 1 1 17 1 2 1 18 1 0 0 0 0 0
stance 15 1 0 0 0 1 2 0 0 0 0 0
stance 16 0 0 0 1 3 1 1 19 2 0 0 3 0 0 0 0 1 0 -1 0 0 -1 -1 -1
stance 17 0 0 0 1 3 1 0 1 3 0 0 0 0 0
stance 17 1 0 1 1 3 1 0 1 0 0 0 0 0 0
record 0 2 0 -1 -2 -2 0 -1 -1 0 -1 -1 0 1
record 0 2 1 -1 -2 3 0 -1 -1 0 -1 -1 0 2
record 0 3 2 -1 0 -2 0 -1 -1 0 -1 -1 0 1
record 1 0 3 -1 2 3 0 -1 -1 0 -1 -1 0 1
record 1 1 4 -1 -2 -2 1 3 0 0 -1 -1 0 2
record 1 1 5 1 -2 -2 1 3 2 1 3 2 0 1
record 1 1 6 1 -2 0 1 1 -1 0 -1 -1 0 2
record 1 1 7 1 1 -2 0 -1 -1 0 -1 -1 0 2
record 1 1 8 -1 -2 2 1 1 3 0 -1 -1 1 2
record 1 1 9 -1 -2 -2 1 0 1 0 -1 -1 0 2
record 1 2 10 -1 -2 3 0 -1 -1 0 -1 -1 0 2
record 2 2 11 -1 -2 -2 0 -1 -1 0 -1 -1 0 1
record 2 2 12 0 2 -2 0 -1 -1 0 -1 -1 0 2
record 2 2 13 1 -2 -2 0 -1 -1 0 -1 -1 0 1
record 2 2 14 0 -2 -2 0 -1 -1 0 -1 -1 0 2
record 2 2 15 -1 -2 0 0 -1 -1 0 -1 -1 0 1
record 3 2 16 -1 -1 -2 0 -1 -1 0 -1 -1 0 2
record 3 3 17 -1 -2 -2 0 -1 -1 0 -1 -1 0 2
record 4 1 18 -1 -2 -2 1 1 3 1 -1 0 1 2
record 4 2 19 1 -2 -1 0 -1 -1 0 -1 -1 0 1
record 4 2 20 -1 0 -2 0 -1 -1 0 -1 -1 0 1
record 4 2 21 0 -2 0 0 -1 -1 0 -1 -1 0 2
record 5 1 22 1 -2 -2 1 1 -1 0 -1 -1 0 1
record 5 1 23 -1 -2 -2 1 2 1 0 -1 -1 0 2
record 5 2 24 -1 -2 3 0 -1 -1 0 -1 -1 0 2
record 5 2 25 -1 0 -2 0 -1 -1 0 -1 -1 0 1
record 5 2 26 -1 0 -2 0 -1 -1 0 -1 -1 0 1
record 5 2 27 -1 2 -2 0 -1 -1 0 -1 -1 0 2
record 5 3 28 0 0 1 0 -1 -1 0 -1 -1 0 1
record 5 3 29 -1 -2 -2 0 -1 -1 0 -1 -1 0 2
record 6 0 30 -1 -2 0 0 -1 -1 0 -1 -1 0 1
record 6 0 31 -1 0 1 0 -1 -1 0 -1 -1 0 2
record 6 0 32 0 3 1 0 -1 -1 0 -1 -1 0 2
record 6 0 33 0 -2 0 0 -1 -1 0 -1 -1 0 2
record 6 0 34 -1 3 3 0 -1 -1 0 -1 -1 0 1
record 6 0 35 0 2 3 0 -1 -1 0 -1 -1 0 1
record 6 0 36 -1 2 2 0 -1 -1 0 -1 -1 0 1
record 6 0 37 -1 1 2 0 -1 -1 0 -1 -1 0 2
record 6 0 38 -1 -2 0 0 -1 -1 0 -1 -1 0 2
record 6 0 39 -1 -2 0 0 -1 -1 0 -1 -1 0 2
record 6 0 40 -1 -2 2 0 -1 -1 0 -1 -1 0 2
record 6 1 41 0 -2 0 1 3 0 1 1 2 0 1
record 6 2 42 -1 0 -2 0 -1 -1 0 -1 -1 0 2
record 6 2 43 -1 -2 -2 0 -1 -1 0 -1 -1 0 2
record 6 2 44 0 -2 -2 0 -1 -1 0 -1 -1 0 1
record 6 2 45 -1 -2 0 0 -1 -1 0 -1 -1 0 2
record 7 2 46 -1 -2 -2 0 -1 -1 0 -1 -1 0 2
record 7 2 47 -1 -2 -2 0 -1 -1 0 -1 -1 0 2
record 7 2 48 0 1 -2 0 -1 -1 0 -1 -1 0 1
record 7 3 49 0 0 -2 0 -1 -1 0 -1 -1 0 1
record 8 0 50 -1 -2 -1 0 -1 -1 0 -1 -1 0 1
record 8 0 51 1 -1 3 0 -1 -1 0 -1 -1 0 1
record 8 0 52 -1 -2 1 0 -1 -1 0 -1 -1 0 2
record 8 0 53 -1 -2 3 0 -1 -1 0 -1 -1 0 2
record 8 0 54 -1 -2 0 0 -1 -1 0 -1 -1 0 1
record 8 1 55 1 -2 0 1 0 -1 0 -1 -1 0 1
record 8 1 56 1 -2 2 1 -1 3 0 -1 -1 1 1
record 8 1 57 0 3 -2 0 -1 -1 0 -1 -1 0 2
record 8 2 58 -1 -2 2 0 -1 -1 0 -1 -1 0 1
record 8 2 59 -1 -2 -2 0 -1 -1 0 -1 -1 0 2
record 8 2 60 -1 -2 -2 0 -1 -1 0 -1 -1 0 1
record 9 1 61 0 -2 -2 0 -1 -1 0 -1 -1 0 1
record 9 1 62 1 -2 -2 0 -1 -1 0 -1 -1 0 2
record 9 1 63 -1 2 -2 1 0 1 1 0 0 1 1
record 9 1 64 0 1 0 0 -1 -1 0 -1 -1 0 2
record 9 1 65 1 0 1 0 -1 -1 0 -1 -1 0 1
record 9 1 66 -1 2 0 1 3 -1 1 3 1 0 2
record 9 2 67 -1 -2 0 0 -1 -1 0 -1 -1 0 1
record 9 3 68 -1 -2 -2 0 -1 -1 0 -1 -1 0 2
record 10 1 69 0 -2 -2 0 -1 -1 0 -1 -1 0 1
record 11 0 70 0 -2 -1 0 -1 -1 0 -1 -1 0 1
record 11 0 71 -1 -2 2 0 -1 -1 0 -1 -1 0 1
record 11 1 72 0 -2 1 0 -1 -1 0 -1 -1 1 2
record 11 1 73 0 -2 -2 0 -1 -1 0 -1 -1 1 1
record 12 1 74 0 -2 -1 1 -1 2 0 -1 -1 1 1
record 12 1 75 0 -2 -2 0 -1 -1 0 -1 -1 1 1
record 12 2 76 -1 -2 0 0 -1 -1 0 -1 -1 0 1
record 12 2 77 -1 -2 -2 0 -1 -1 0 -1 -1 0 2
record 12 2 78 0 0 -2 0 -1 -1 0 -1 -1 0 2
record 12 2 79 -1 0 -2 0 -1 -1 0 -1 -1 0 1
record 12 3 80 -1 -2 -2 0 -1 -1 0 -1 -1 0 1
record 12 3 81 -1 3 -2 0 -1 -1 0 -1 -1 0 1
record 13 0 82 1 -2 3 0 -1 -1 0 -1 -1 0 1
record 13 1 83 -1 3 -2 1 -1 2 0 -1 -1 0 2
record 13 2 84 -1 1 -2 0 -1 -1 0 -1 -1 0 2
record 13 3 85 -1 -2 1 0 -1 -1 0 -1 -1 0 2
record 14 2 86 0 -2 -2 0 -1 -1 0 -1 -1 0 2
record 14 2 87 -1 1 1 0 -1 -1 0 -1 -1 0 1
record 14 2 88 -1 2 -2 0 -1 -1 0 -1 -1 0 1
record 15 0 89 0 -2 2 0 -1 -1 0 -1 -1 0 2
record 15 0 90 0 -2 0 0 -1 -1 0 -1 -1 0 2
record 15 0 91 0 -2 0 0 -1 -1 0 -1 -1 0 2
record 15 0 92 -1 1 1 0 -1 -1 0 -1 -1 0 2
record 15 0 93 1 -2 3 0 -1 -1 0 -1 -1 0 1
record 15 0 94 -1 1 3 0 -1 -1 0 -1 -1 0 1
record 15 1 95 -1 -2 -2 1 2 0 0 -1 -1 0 2
record 15 2 96 -1 -2 -2 0 -1 -1 0 -1 -1 0 2
record 15 3 97 -1 -2 -2 0 -1 -1 0 -1 -1 0 2
record 15 3 98 -1 -2 0 0 -1 -1 0 -1 -1 0 1
record 16 1 99 -1 2 -2 1 1 1 1 0 3 1 1
record 17 0 100 0 3 0 0 -1 -1 0 -1 -1 0 2
record 17 0 101 -1 -2 0 0 -1 -1 0 -1 -1 0 1
record 17 1 102 1 -2 -2 0 -1 -1 0 -1 -1 0 1
record 17 1 103 1 -2 -2 0 -1 -1 0 -1 -1 1 1
record 17 1 104 0 -2 -1 1 3 0 1 0 2 0 1
record 17 1 105 -1 -2 -2 1 0 0 1 2 3 0 1
record 17 1 106 1 -2 1 0 -1 -1 0 -1 -1 1 2
record 17 1 107 -1 1 2 1 -1 1 0 -1 -1 0 2
record 17 1 108 1 -2 -2 0 -1 -1 0 -1 -1 0 2
record 17 2 109 -1 2 0 0 -1 -1 0 -1 -1 0 2
record 17 2 110 -1 -2 -2 0 -1 -1 0 -1 -1 0 2
record 17 3 111 1 -2 -1 0 -1 -1 0 -1 -1 0 1
